function NPP = NPP_Alta_Murgia_2005_2019
NPP=[5.402012, 5.840689, 5.549269, 5.651704, 5.854901, 6.090209, 5.963991,...
    5.206338, 5.823432, 6.740126, 5.684425 ...
    6.937386, 5.67941, 6.31915, 6.225864];
end

