function [Temp, rain, Tempd, pet] = weather_Alta_Murgia_2005_2019
Temp=[5.50
4.20
8.10
11.40
16.90
20.50
23.60
22.00
19.80
15.10
10.80
6.80
5.00
6.20
8.10
12.50
16.90
20.50
24.00
22.50
20.20
16.30
10.80
8.20
8.20
8.50
9.70
13.20
17.30
21.90
24.40
23.90
18.70
14.80
10.10
6.10
7.40
7.00
9.50
12.40
17.10
21.10
23.80
24.20
19.30
15.80
11.90
8.00
6.90
5.70
8.50
12.70
18.10
20.20
23.90
24.50
20.60
14.80
11.30
8.60
6.20
7.30
8.90
12.70
16.20
20.30
24.20
24.00
19.10
14.60
13.00
7.40
6.60
6.60
8.70
12.90
16.40
20.90
23.40
24.00
22.40
14.60
10.50
8.00
5.60
3.80
9.90
12.20
16.50
22.00
25.00
25.30
20.60
16.60
13.40
7.00
6.90
6.40
8.60
13.30
16.70
20.00
23.70
25.00
20.00
16.70
11.90
7.70
8.60
8.70
9.80
12.40
15.50
20.50
22.40
23.30
19.90
16.10
13.00
8.30
7.00
6.50
9.10
12.00
17.40
20.70
25.50
24.80
20.80
15.70
11.90
7.70
7.30
9.60
9.30
13.80
16.00
20.80
24.10
23.20
20.00
15.80
11.80
6.70
3.50
8.30
10.80
12.20
17.20
22.10
24.80
25.60
19.40
15.40
11.00
7.20
8.30
6.10
8.90
14.50
18.30
21.00
23.90
25.00
21.20
17.00
12.30
7.60
5.30
7.60
10.50
12.60
14.10
22.40
24.20
25.20
21.00
17.00
13.30
9.20
];




rain= [75.9
62.8
57.4
56.2
35.5
26.5
22.7
45.2
77.9
142.7
126.7
126.1
55
74.2
75.3
64.1
27
64.7
34
68.6
94.4
19.4
27.5
67.3
36.4
77
99.5
48.9
53.8
56.9
5.9
5.8
71.9
82.5
87.5
72
35.3
15.5
83.8
62.4
25.3
63.1
22.1
3.8
79.1
33.8
152.6
150.9
177.9
38.4
88.7
99.3
22
74.8
9.3
18.2
80.3
129.6
65.6
91.2
95.8
92.2
66.4
57.5
58.8
46.1
16
13.1
109.7
155.9
125.3
75.3
78.4
32.8
81.8
67.6
47.6
37.6
20.3
20.6
42.7
55.2
58.3
61.8
28.9
79.8
26.8
66.6
28.9
12.5
12
10.5
46.9
65.4
73.6
86.1
88.4
64
55.7
29.3
44.8
47.7
12.6
24.1
47.8
50
127
76.8
65.4
60.7
33.3
109.2
41.4
59
32.7
18
107.3
55.4
84.2
72.7
94.2
70.5
78.3
27.1
26.6
39.1
12.2
55.8
54
90.3
65.9
3.8
50.8
41.3
76.8
27
80.7
38.8
40.3
27.8
67.4
66
58.2
9.3
113.1
33.9
26
29.9
19.2
3.6
17.3
4.4
77.5
20.6
98.1
58.5
37.2
77.3
78.4
13.8
32.8
47.4
27.7
28.9
30.7
55.5
38.1
39.9
93.7
24.2
30.4
54.5
89.5
17.5
52.2
20.7
33
32.8
211.6
60.6
];



Tempd=[ 6.8
6.1
8.1
8.2
9.7
9.6
10.5
9.5
8.3
7.3
6.9
6.1
5.1
6.3
7.5
8.2
9.8
10.5
9.8
9.8
8.5
7.8
8.1
6.4
6.9
6.2
6.9
8.5
8.8
10
10.9
10.4
8.7
7.2
6
5.5
5.8
6.9
7.1
7.5
8.7
9.3
9.7
10.8
8.6
7.8
6.2
4.8
4.6
6
7
7
9.7
9.2
10
9.5
8.3
6.9
6.9
5
4.8
5.9
6.9
7.7
8.7
9.1
9.8
10.2
8.3
6.7
6.4
5.8
6.5
7.2
7.3
8.8
8.9
9.5
10.3
10.7
9.6
7.8
7.2
6.3
6.9
6.4
8.4
8.2
9.6
11.2
11
11
9.2
8
6.6
6.3
6.2
6.9
6.9
9.2
9.3
9.9
10.3
10.1
9.3
8
6.6
7.1
5.9
6.5
7.7
8.7
9.2
10
10
10.2
8.6
8.1
6.9
6.5
7
5.9
7
9.1
9.8
9.8
10.9
10
9
6.7
7.7
7.6
6.4
6.3
7.2
9.3
8.9
9.5
10.2
10.1
8.6
7.9
6.6
6.9
6.1
6.9
8.6
8.8
9.3
9.8
10.6
10.7
8.6
8.1
6.7
6.5
6.9
5.9
7
9.3
8.8
9
10
9.3
9.1
7.1
6.3
6.9
6.1
7.3
8.9
7.6
8.4
9.9
9.6
10.4
8.4
7.8
5.6
5.5
];

pet= [10.1
14
33.3
47.9
66.6
48.7
28.6
18.5
32.3
29.4
14.2
7.7
9.2
15.8
30
46.3
78.8
64.3
40.6
33.7
26.2
31.8
15.6
9.5
14.3
18.9
33.5
60.8
78.8
68
32.4
11.2
26.4
24.2
15
9.3
14
21.8
38.1
51.8
72.4
53.8
30.5
13.9
19.1
16.2
10.9
7.1
7.9
15.1
32.1
48.1
82.7
69.5
57.4
21.6
23.2
22.8
15.7
8.5
10.9
17.7
37.7
57.2
74
77.1
50.9
20.1
30.2
25.2
14.8
10.4
12.1
19.1
34.6
56
79.7
84.7
56.7
23.5
16.5
16.4
11.8
8.6
11.2
14.6
40.6
53.1
69.1
43.8
17.5
11
11.9
15
11.8
9.1
11.1
17
36.6
62.5
72.1
51.5
28.9
17.3
6.1
27.4
12.5
10.1
10.6
18
41
50.9
74.9
80.9
66.2
35.1
36.1
24.6
14.5
9.9
11.6
17
31.2
57.1
75.7
63.4
33.2
24
18
22
14.4
10.9
9.8
20.4
34.8
62.2
73.2
66.4
42
31.1
34.6
26.4
16.2
9.7
8.1
19.3
43.6
57.2
60.8
31.7
16.2
6.8
24.7
16.5
11.4
8.7
12.3
13.4
26
60.2
63.3
54.9
39.3
37.8
19.6
21.5
12.8
10.5
10.3
18.2
39.1
51.5
61.5
88.7
65.7
23.9
17.1
8.9
13.5
10.5
];


end

